   A   B   C   D   G   H   K   M   N   R   S   T   U   V   W   X   Y
A  5  -4  -4  -4  -4  -4  -4  -4  -4  -4  -4  -4  -4  -4  -4  -4  -4
B -4   5  -4  -4  -4  -4  -4  -4  -4  -4  -4  -4  -4  -4  -4  -4  -4
C -4  -4   5  -4  -4  -4  -4  -4  -4  -4  -4  -4  -4  -4  -4  -4  -4
D -4  -4  -4   5  -4  -4  -4  -4  -4  -4  -4  -4  -4  -4  -4  -4  -4
G -4  -4  -4  -4   5  -4  -4  -4  -4  -4  -4  -4  -4  -4  -4  -4  -4
H -4  -4  -4  -4  -4   5  -4  -4  -4  -4  -4  -4  -4  -4  -4  -4  -4
K -4  -4  -4  -4  -4  -4   5  -4  -4  -4  -4  -4  -4  -4  -4  -4  -4
M -4  -4  -4  -4  -4  -4  -4   5  -4  -4  -4  -4  -4  -4  -4  -4  -4
N -4  -4  -4  -4  -4  -4  -4  -4   5  -4  -4  -4  -4  -4  -4  -4  -4
R -4  -4  -4  -4  -4  -4  -4  -4  -4   5  -4  -4  -4  -4  -4  -4  -4
S -4  -4  -4  -4  -4  -4  -4  -4  -4  -4   5  -4  -4  -4  -4  -4  -4
T -4  -4  -4  -4  -4  -4  -4  -4  -4  -4  -4   5   5  -4  -4  -4  -4
U -4  -4  -4  -4  -4  -4  -4  -4  -4  -4  -4   5   5  -4  -4  -4  -4
V -4  -4  -4  -4  -4  -4  -4  -4  -4  -4  -4  -4  -4   5  -4  -4  -4
W -4  -4  -4  -4  -4  -4  -4  -4  -4  -4  -4  -4  -4  -4   5  -4  -4
X -4  -4  -4  -4  -4  -4  -4  -4  -4  -4  -4  -4  -4  -4  -4   5  -4
Y -4  -4  -4  -4  -4  -4  -4  -4  -4  -4  -4  -4  -4  -4  -4  -4   5
