#Amino acid counts for 37 Helix-turn-helix (presumed) protein motifs
#from Dodd IB and Egan JB (1987) J Mol Biol 194:557-664
#
Sample: 37 aligned sequences
#
#Res  1  2  3  4  5  6  7  8  9 10 11 12 13 14 15 16 17 18 19 20 Total Exp
#--- -- -- -- -- -- -- -- -- -- -- -- -- -- -- -- -- -- -- -- -- ----- --- ..
  A  1  5  2  2 31  1  4  4  0  1  3  1  3  6  0  1  1  1  0  4    71 995
  C  0  0  0  0  0  0  0  1  1  1  0  0  0  0  0  0  0  0  0  0     3 106
  D  0  0  5  0  0  6  1  0  4  0  2  1  0  0  0  0  1  1  0  0    21 556
  E  0  7 10  0  0  7  2  0  0  0  2  2  7  0  0  1  0  1  9  4    52 669
  F  0  0  0  0  0  0  0  7  0  0  0  0  0  0  0  0  0  0  8  0    15 358
  G  1  1  0  0  6  0  0  0 28  0  3  0  2  1  0  2  0  0  0  2    46 761
  H  0  0  0  0  0  2  1  0  1  0  0  0  0  0  0  1  1  5  1  1    13 225
  I  2  0  0  3  0  3  6  0  0  9  0  1  0  0 15  0  0  6  3  1    49 583
  K  4  6  9  0  0  7  7  0  0  0  1  2  0  0  0  0  6  2  4  6    54 516
  L  6  0  0 16  0  1  4 12  0  3  0  1  1  0 13  0  1  6  7  0    71 954
  M  0  0  0  0  0  0  2  2  0  2  0  0  1  0  0  0  0  0  0  0     7 275
  N  0  0  0  0  0  1  0  0  2  0  1  1  0  0  0  2  1  0  0  5    13 383
  P  0  0  0  0  0  0  0  0  0  0  1  3  5  0  0  0  0  0  0  4    13 403
  Q  9  5  8  0  0  5  3  0  0  0  2 10  3  4  0  2  8  0  1  1    61 437
  R  7  6  1  0  0  3  3  0  0  0  0  8  1  4  0  5 11  2  0  8    59 609
  S  0  0  2  0  0  0  0  0  1  0 16  0 13  2  0 12  0  0  0  1    47 552
  T  6  5  0  3  0  1  1  1  0  2  5  0  0 18  0  0  0  0  0  0    42 512
  V  0  1  0 13  0  0  1  6  0 19  0  5  1  0  9  0  2  2  4  0    63 724
  W  0  0  0  0  0  0  0  0  0  0  0  0  0  0  0  0  4  7  0  0    11 105
  Y  1  1  0  0  0  0  2  4  0  0  1  2  0  2  0 11  1  4  0  0    29 267
